MOOSTimeWarp = $(WARP)
LatOrigin  = 37.9332599
LongOrigin = 23.6282166
